Epoch	UAS	LAS
1	9.52	1.27
2	16.83	4.03
3	14.54	3.37
4	16.55	4.8
5	15.91	4.62
6	18.1	4.68
7	18.99	6.14
8	13.38	2.87
9	23.13	5.95
10	32.04	8.04
11	47.03	22.0
12	50.39	25.98
13	56.48	33.57
14	60.59	40.85
15	63.13	45.58
16	62.79	48.39
17	63.38	49.0
18	67.84	55.64
19	68.56	57.41
20	68.87	58.11
21	71.26	60.64
22	70.44	60.83
23	72.84	63.47
24	73.54	64.13
25	73.95	65.99
26	73.94	66.32
27	74.94	68.27
28	77.35	70.57
29	76.6	69.99
30	77.49	71.27
31	77.91	71.8
32	78.15	72.19
33	78.53	73.01
34	79.15	73.75
35	79.07	73.91
36	79.55	74.41
37	79.82	74.77
38	79.85	74.73
39	81.1	75.76
40	80.9	76.06
41	81.5	76.58
42	81.65	76.69
43	81.79	77.08
44	82.22	77.49
45	81.6	76.75
46	82.85	78.35
47	82.35	77.81
48	82.43	78.03
49	82.53	77.99
50	82.99	78.44
51	82.73	78.35
52	83.09	78.62
53	83.42	79.3
54	83.6	79.11
55	83.59	79.26
56	83.18	79.17
57	82.71	78.55
58	83.23	79.05
59	83.95	79.67
60	83.71	79.57
61	83.91	79.81
62	84.44	80.39
63	83.93	79.99
64	83.88	79.93
65	84.45	80.42
66	84.76	80.78
67	84.49	80.45
68	84.79	80.87
69	84.39	80.41
70	84.78	80.8
71	84.41	80.7
72	85.07	81.13
73	84.52	80.48
74	84.63	80.99
75	84.92	81.08
76	84.73	80.81
77	84.97	81.19
78	85.37	81.6
79	85.03	81.35
80	85.3	81.68
81	85.28	81.83
82	85.28	81.57
83	85.32	81.99
84	84.99	81.27
85	85.43	81.65
86	85.19	81.56
87	85.29	81.73
88	85.78	82.17
89	85.56	81.94
90	85.42	81.76
91	85.54	82.03
92	85.06	81.64
93	85.71	82.29
94	85.63	82.29
95	85.09	81.8
96	85.48	82.06
97	85.76	82.37
98	85.81	82.43
99	85.67	82.33
100	85.67	82.11
101	85.39	82.21
102	85.77	82.37
103	85.59	82.3
104	85.66	82.29
105	85.82	82.55
106	85.67	82.52
107	85.71	82.56
108	85.47	82.12
109	85.51	82.38
110	86.03	82.74
111	85.9	82.61
112	86.03	82.99
113	85.87	82.62
114	85.52	82.43
115	85.97	82.83
116	85.94	82.76
117	85.64	82.64
118	85.92	82.81
119	85.93	82.86
120	86.14	83.03
121	86.22	83.14
122	85.65	82.48
123	85.85	82.73
124	85.99	82.78
125	86.09	83.02
126	85.95	83.08
127	85.73	82.74
128	86.19	83.1
129	85.89	82.84
130	85.87	82.89
131	86.18	83.08
132	85.9	82.89
133	86.36	83.37
134	86.14	83.18
135	86.43	83.31
136	86.01	83.1
137	85.78	82.55
138	85.86	82.82
139	86.29	83.24
140	86.19	83.16
141	85.71	83.03
142	85.98	82.89
143	86.35	83.37
144	85.84	82.69
145	85.89	83.07
146	86.03	83.09
147	86.12	83.05
148	86.14	83.12
149	86.09	82.92
150	86.21	83.2
151	85.98	82.98
152	85.97	82.98
153	85.66	82.85
154	86.0	82.86
155	86.15	83.3
156	86.21	83.38
157	86.0	83.02
158	86.32	83.51
159	86.25	83.24
160	86.22	83.38
161	85.75	82.93
162	85.91	83.17
163	86.13	83.29
164	86.1	83.37
165	86.09	83.14
166	86.25	83.3
167	85.98	83.17
168	86.43	83.57
169	86.49	83.56
170	86.65	83.6
171	86.2	83.37
172	86.26	83.41
173	86.17	83.33
174	86.12	83.14
175	85.93	83.09
176	86.2	83.26
177	86.59	83.72
178	86.39	83.59
179	86.12	83.35
180	86.47	83.74
181	86.0	83.14
182	86.32	83.59
183	86.16	83.24
184	86.41	83.65
185	86.0	83.09
186	86.45	83.63
187	86.01	83.33
188	86.59	83.82
189	86.22	83.31
190	86.43	83.75
191	86.24	83.59
192	86.58	83.69
193	86.44	83.71
194	86.51	83.57
195	86.35	83.61
196	86.46	83.6
197	86.21	83.37
198	86.33	83.55
199	85.79	83.15
200	86.02	83.22
201	86.37	83.52
202	86.47	83.58
203	86.24	83.63
204	86.11	83.49
205	86.39	83.66
206	86.69	83.86
207	85.97	83.09
208	86.09	83.25
209	86.33	83.61
210	86.58	83.77
211	86.05	83.27
212	86.58	83.88
213	86.21	83.51
214	86.04	83.19
215	86.19	83.43
216	86.13	83.35
217	86.18	83.26
218	86.43	83.47
219	86.11	83.19
220	86.33	83.4
221	85.94	83.07
222	86.46	83.52
223	86.26	83.4
224	86.32	83.69
225	86.23	83.43
226	86.51	83.6
227	86.14	83.31
228	86.16	83.35
229	86.11	83.37
230	86.01	83.31
231	86.02	83.23
232	85.83	83.01
233	86.54	83.54
234	86.57	83.82
235	86.39	83.61
236	86.29	83.52
237	86.19	83.42
238	86.44	83.54
239	86.43	83.47
240	86.29	83.54
241	86.73	83.97
242	86.71	84.01
243	86.41	83.64
244	86.02	83.35
245	86.5	83.64
246	86.03	83.04
247	86.35	83.49
248	86.11	83.32
249	86.68	83.89
250	86.69	83.84
251	86.48	83.65
252	86.36	83.57
253	86.17	83.41
254	86.12	83.38
255	86.4	83.44
256	86.59	83.84
257	86.25	83.52
258	86.08	83.16
259	86.13	83.29
260	86.13	83.38
261	85.94	83.07
262	86.09	83.28
263	86.15	83.33
264	86.27	83.61
265	86.12	83.27
266	86.49	83.47
267	86.22	83.3
268	85.98	83.19
269	86.44	83.63
270	86.12	83.31
271	86.17	83.55
272	86.13	83.31
273	86.1	83.51
274	86.26	83.48
275	86.21	83.29
276	85.81	83.1
277	85.93	83.08
278	86.05	83.24
279	86.15	83.25
280	85.74	83.18
281	86.33	83.48
282	85.87	83.24
283	86.07	83.22
284	85.97	83.26
285	86.24	83.56
286	86.24	83.5
287	85.98	83.35
288	86.07	83.41
289	86.12	83.41
290	86.57	83.96
291	86.46	83.7
292	86.33	83.6
293	86.45	83.52
294	86.07	83.1
295	86.2	83.46
296	86.02	83.09
297	86.69	83.94
298	86.11	83.51
299	86.39	83.73
300	86.18	83.33
301	85.89	83.2
302	86.38	83.64
303	85.87	83.07
304	85.97	83.39
305	86.31	83.46
306	85.76	82.92
307	86.33	83.49
308	86.18	83.49
309	86.03	83.31
310	86.0	83.41
311	85.99	83.27
312	85.98	83.22
313	86.43	83.32
314	86.14	83.36
315	86.38	83.5
316	86.13	83.3
317	85.67	83.08
318	85.67	82.95
319	86.19	83.38
320	86.54	83.81
321	86.24	83.59
322	86.36	83.7
323	86.53	83.59
324	86.59	83.69
325	85.67	82.89
326	86.37	83.7
327	86.05	83.25
328	86.47	83.61
329	85.82	83.22
330	85.97	83.19
331	86.0	83.22
332	85.94	83.08
333	86.22	83.45
334	86.25	83.67
335	85.81	83.09
336	86.19	83.14
337	86.24	83.54
338	85.79	83.04
339	85.97	83.38
340	85.83	83.17
341	86.37	83.62
342	85.95	83.26
343	86.12	83.28
344	86.05	83.21
345	86.35	83.65
346	85.87	83.24
347	85.79	83.04
348	86.24	83.22
349	86.14	83.46
350	86.07	83.2
351	85.97	83.34
352	85.91	83.14
353	86.06	83.43
354	85.71	82.99
355	86.02	83.13
356	86.44	83.74
357	86.2	83.42
358	86.08	83.41
359	85.83	83.02
360	86.41	83.65
361	85.87	82.98
362	86.26	83.62
363	86.21	83.31
364	85.9	83.26
365	86.01	83.33
366	86.5	83.63
367	85.72	83.16
368	85.82	83.0
369	86.2	83.31
370	86.27	83.37
371	86.15	83.47
372	86.3	83.45
373	85.77	83.08
374	86.05	83.32
375	85.69	82.94
376	85.67	82.9
377	86.07	83.52
378	85.74	83.08
379	85.63	82.9
380	85.62	82.92
381	85.93	83.14
382	85.72	82.86
383	85.69	83.15
384	85.68	82.88
385	86.0	83.27
386	86.13	83.25
387	86.54	83.74
388	85.78	83.17
389	86.0	83.31
390	85.92	83.12
391	86.56	83.67
392	85.99	83.17
393	85.62	82.97
394	85.97	83.03
395	86.11	83.41
396	85.92	83.22
397	85.73	82.98
398	86.02	83.37
399	85.91	83.07
400	85.61	82.8
401	86.09	83.26
402	86.07	83.14
403	86.14	83.31
404	85.69	83.09
405	86.11	83.27
406	86.09	83.26
407	86.09	83.51
408	85.92	83.1
409	86.13	83.58
410	85.73	83.09
411	86.03	83.16
412	85.91	83.0
413	86.23	83.5
414	85.81	83.09
415	86.09	83.35
416	86.4	83.55
417	86.25	83.49
418	85.48	82.87
419	85.54	82.68
420	85.95	83.18
421	85.82	82.83
422	85.69	83.18
423	85.74	82.91
424	86.06	83.27
425	85.94	83.21
426	86.21	83.19
427	85.91	82.96
428	85.85	82.97
429	85.86	82.98
430	85.8	82.93
431	85.7	82.89
432	85.69	82.86
433	85.97	83.18
434	86.05	83.26
435	85.79	82.99
436	85.97	83.01
437	85.88	83.36
438	86.33	83.42
439	86.0	83.34
440	85.89	83.1
441	85.77	83.09
442	85.84	83.03
443	86.19	83.36
444	86.12	83.36
445	85.99	83.2
446	85.76	82.96
447	85.92	83.13
448	85.52	82.79
449	85.81	82.98
450	86.02	83.37
451	85.99	83.24
452	85.91	83.17
453	85.71	83.0
454	85.75	82.89
455	85.93	83.23
456	85.73	82.81
457	85.91	83.09
458	85.56	82.7
459	85.98	83.3
460	85.96	83.2
461	85.63	83.02
462	86.4	83.57
463	86.07	83.29
464	85.74	82.94
465	85.91	83.09
466	85.9	83.1
467	86.14	83.33
468	86.0	83.21
469	86.26	83.58
470	86.04	83.18
471	86.29	83.5
472	86.16	83.31
473	85.75	82.78
474	85.63	82.67
475	85.86	82.92
476	85.68	82.73
477	85.91	83.25
478	86.09	83.2
479	85.94	83.17
480	85.84	82.96
481	86.08	83.26
482	86.19	83.2
483	85.83	83.07
484	85.82	83.06
485	85.83	82.97
486	85.72	82.93
487	85.71	83.11
488	86.15	83.24
489	85.69	82.82
490	85.8	82.99
491	85.97	83.1
492	85.97	83.18
493	85.82	83.09
494	86.02	82.99
495	85.91	82.92
496	85.65	82.9
497	85.85	82.86
498	85.95	83.05
499	86.31	83.48
500	86.01	83.15
501	85.55	82.88
502	85.79	83.11
503	85.82	83.02
504	85.97	83.12
505	86.14	83.26
506	86.3	83.44
507	86.05	83.37
508	85.7	82.8
509	85.91	83.03
510	86.1	83.29
511	86.18	83.36
512	86.04	83.28
513	86.15	83.36
514	86.13	83.38
515	86.33	83.51
516	86.19	83.31
517	86.18	83.36
518	86.3	83.4
519	86.09	83.25
520	86.04	83.07
521	85.7	82.75
522	86.03	83.22
523	85.95	83.04
524	85.75	83.0
525	85.57	82.43
526	85.72	82.81
527	85.7	82.82
528	85.55	82.8
529	85.55	82.64
530	85.57	82.76
531	85.85	83.05
532	85.77	82.9
533	86.03	83.14
534	85.73	82.97
535	85.79	82.94
536	85.83	83.15
537	85.85	82.92
538	85.82	83.09
539	86.36	83.53
540	85.72	82.91
541	85.94	82.97
542	85.91	83.0
543	86.3	83.48
544	86.11	83.25
545	85.89	82.98
546	86.3	83.25
547	86.06	83.27
548	85.69	82.9
549	86.02	83.14
550	85.47	82.59
551	86.09	83.16
552	86.02	83.28
553	85.89	83.08
554	85.97	83.12
555	85.79	83.02
556	85.97	83.12
557	85.89	83.04
558	85.46	82.63
559	85.75	82.98
560	85.87	82.91
561	85.98	82.94
562	85.71	82.85
563	85.6	82.77
564	86.1	83.19
565	86.01	83.09
566	85.9	82.96
567	85.97	82.78
568	85.94	82.81
569	86.2	83.13
570	85.96	83.01
571	85.83	82.94
572	85.83	82.96
573	85.81	82.74
574	85.68	82.91
575	85.56	82.53
576	85.76	82.92
577	86.14	83.33
578	85.85	82.87
579	85.98	83.13
580	85.46	82.7
581	86.3	83.48
582	85.28	82.68
583	85.93	83.11
584	85.45	82.4
